Date	TP KTF10	TP KTF101	TP KTF11	TP KTF12	TP KTF17	TP KTF17 EUR	TP KTF17 USD	TP KTF18	TP KTFTUK	TP KTFTUK01
04-01-2002	74,83		60,75	54,84	62,82	13,09	4,38		66,41	
11-01-2002	78,18		56,20	44,25	56,49	7,62	5,13		71,82	
18-01-2002	75,03		53,16	42,29	67,14	7,15	6,68		71,74	
25-01-2002	71,46		60,71	58,45	50,75	7,74	11,85		69,89	
01-02-2002	73,76		43,19	55,86	54,60	6,16	7,43		67,10	
08-02-2002	75,10		53,57	49,79	62,65	10,08	8,72		72,23	
15-02-2002	69,55		58,50	54,68	55,99	7,31	5,22		67,34	
22-02-2002	68,13		49,72	51,50	60,33				65,64	
01-03-2002	69,78		48,86	53,81	57,04	11,29	7,38		66,29	
08-03-2002	69,97		50,91	54,28	62,77	6,56	5,79		66,65	
15-03-2002	66,00		49,67	54,85	58,74	7,08	6,16		62,71	
22-03-2002	61,94		52,06	50,19	58,73	8,46	4,17		59,90	
29-03-2002	60,09		50,42	52,43	58,86	6,91	8,12		57,57	
05-04-2002	66,86		51,59	49,85	53,70	7,18	5,50		62,50	
12-04-2002	60,82		50,43	50,57	53,96	10,13	6,41		57,85	
19-04-2002	56,86		47,34	48,13	53,75	7,21	6,39		54,64	
26-04-2002	58,39		45,99	49,46	47,49	13,62	7,65		55,10	
03-05-2002	55,60		44,39	47,79	50,53	8,90	8,15		52,25	
10-05-2002	54,23		41,66	44,05	52,43	8,21	6,22		50,35	
17-05-2002	52,06		41,76	42,79	39,69	9,99	6,97		48,84	
24-05-2002	51,03		42,61	45,18	46,70	6,90	7,92		48,29	
31-05-2002	52,66		39,61	43,68	45,52	10,98	7,59		47,55	
07-06-2002	51,68		40,51	43,43	51,75	6,99	6,11		47,48	
14-06-2002	51,82		44,09	44,37	52,39	6,61	6,36		48,97	
21-06-2002	52,64		44,41	43,52	45,95	6,17	19,35		49,62	
28-06-2002	54,87		46,33	47,56	44,11	5,92	5,85		51,35	
05-07-2002	54,91		47,33	47,34	47,59	5,86	3,14		51,35	
12-07-2002	56,43		50,46	50,17	45,21	5,76	8,10		53,67	
19-07-2002	56,72		52,38	44,88	52,33	8,97	8,56		54,80	
26-07-2002	56,94		49,98	50,65	41,76	5,62	6,04		54,13	
02-08-2002	56,45		50,84	49,95	46,06	4,69	8,50		53,57	
09-08-2002	55,76		50,47	50,55	50,58	7,66	6,96		53,30	
16-08-2002	53,90		47,21	48,27	40,17	5,68	4,63		50,75	
23-08-2002	56,02		47,63	49,16	45,57	5,77	4,12		52,52	
30-08-2002	55,10		33,84	40,63	40,10	6,75	5,11		43,30	
06-09-2002	54,27		46,70	46,86	45,85	6,66	6,23		50,87	
13-09-2002	54,33		47,04	48,05	45,79	5,96	6,95		51,16	
20-09-2002	53,99		47,07	44,78	46,54	5,98	6,45		51,91	
27-09-2002	54,00		44,87	47,04	42,46	8,92	6,69		50,03	
04-10-2002	53,44		45,70	49,04	47,82	11,66	7,32		49,75	
11-10-2002	53,85		47,00	48,81	43,67	5,55	17,55		50,60	
18-10-2002	53,98		46,73	48,85	48,16	10,50	4,81		51,16	
25-10-2002	55,07		46,51	49,67	38,98	5,85	5,62		51,95	
01-11-2002	54,11		45,75	47,95	40,06	7,29	4,13		50,17	
08-11-2002	53,88		46,84	47,01	47,48	3,81	3,34		50,68	
15-11-2002	53,62		46,30	50,56	38,80	4,91	4,79		50,99	
22-11-2002	52,65		45,11	47,77	43,27	4,54	4,32		50,14	
29-11-2002	50,80		43,47	46,70	39,99	4,96	4,02		47,76	
06-12-2002	50,77		42,20	45,26	43,01	3,80	6,80		46,78	
13-12-2002	49,70		40,43	45,08	44,92	6,04	5,22		44,86	
20-12-2002	48,90		39,80	43,51	43,98	6,51	6,44		44,51	
27-12-2002	48,56		38,58	43,37	41,32	5,19	3,63		42,69	
03-01-2003	48,51		38,60	44,62	43,70	4,95	3,86		41,91	
10-01-2003	48,85		39,93	44,07	45,76	7,56	5,36		44,33	
17-01-2003	50,06		40,19	42,88	44,79	7,13	6,34		45,23	
24-01-2003	49,41		41,16	44,20	41,66	7,10	6,06		45,61	
31-01-2003	49,76		41,86	44,37	40,23	6,12	5,29		46,36	
07-02-2003	49,53		43,02	42,36	46,17	4,01	6,93		46,52	
14-02-2003	46,73		42,33	45,21	41,50	9,60	5,84		44,79	
21-02-2003	50,21		43,28	44,28	45,94	4,60	6,09		47,99	
28-02-2003	47,62		40,11	41,39	45,69	7,51	6,91		45,16	
07-03-2003	48,48		43,02	42,20	45,63	9,64	4,08		46,14	
14-03-2003	50,66		44,45	45,74	47,77	4,70	6,55		48,74	
21-03-2003	50,94		45,43	46,46	45,72	6,60	5,51		49,44	
28-03-2003	54,36		50,27	48,99	45,39	4,94	5,67		52,91	
04-04-2003	55,04		48,13	49,38	48,30	5,19	2,11		52,91	
11-04-2003	57,03		51,33	50,66	47,91	4,60	5,54		55,23	
18-04-2003	56,46		51,08	50,94	47,76	8,27	5,46		55,16	
25-04-2003	56,40		49,55	50,24	44,12	7,17	4,45		54,39	
02-05-2003	55,44		47,42	47,91	43,22	6,65	5,36		52,51	
09-05-2003	54,09		47,32	46,50	44,22	4,61	2,86		51,19	
16-05-2003	50,32		46,27	44,53	44,15	8,47	6,38		48,85	
23-05-2003	53,49		45,46	43,44	43,18	6,98	5,23		51,00	
30-05-2003	55,84		45,26	44,43	44,92	4,38	3,12		51,95	
06-06-2003	48,35		45,15	42,07	41,02	6,58	6,62		46,89	
13-06-2003	48,86		43,67	44,22	42,44	5,29	6,42		46,86	
20-06-2003	49,69		43,76	43,92	42,69	4,30	4,72		47,87	
27-06-2003	47,39		42,42	43,09	42,52	4,16	5,48		45,51	
04-07-2003	46,56		42,04	42,27	40,87	5,80	3,75		44,52	
11-07-2003	46,60		41,61	40,60	41,14	4,25	5,98		44,22	
18-07-2003	46,62		42,15	39,01	41,43	4,43	4,30		44,82	
25-07-2003	48,72		41,95	41,46	36,40	6,85	5,32		46,47	
01-08-2003	47,78		41,11	40,97	38,53	5,04	5,39		44,85	
08-08-2003	48,96		40,97	40,26	37,92	4,14	5,73		45,96	
15-08-2003	46,77		40,13	39,12	34,03	4,86	5,28		44,01	
22-08-2003	45,44		37,68	38,22	36,59	4,34	5,21		43,22	
29-08-2003	43,92		35,92	37,62	40,96	6,19	4,83		40,70	
05-09-2003	45,67		35,80	37,86	35,70	8,20	4,82		41,56	
12-09-2003	45,26		35,05	37,82	37,77	7,47	8,04		40,87	
19-09-2003	41,28		33,89	38,74	38,27	3,81	4,91		38,68	
26-09-2003	39,61		34,18	36,68	35,57	2,94	5,73		37,40	
03-10-2003	39,61		33,79	35,94	35,34	4,65	2,11		36,93	
10-10-2003	39,73		33,29	35,29	35,92	3,95	4,18		36,70	
17-10-2003	39,67		28,96	32,99	34,57	5,68	4,59		35,50	
24-10-2003	36,23		28,48	32,18	34,12	4,52	6,17		33,00	
31-10-2003	35,49		28,12	32,52	32,18	4,36	4,84		31,94	
07-11-2003	34,37		28,79	30,14	33,87	4,50	5,86		31,46	
14-11-2003	33,98		28,09	31,27	32,60	4,43	4,30		30,74	
21-11-2003	35,43		30,44	31,33	32,16	6,73	4,62		33,10	
28-11-2003	31,51		28,00	32,09	32,41	5,17	5,12		29,83	
05-12-2003	33,73		28,11	30,68	31,32	4,70	5,61		30,73	
12-12-2003	33,83		28,12	30,38	32,39	4,01	3,84		30,75	
19-12-2003	33,33		28,26	29,91	33,14	5,16	5,18		30,92	
26-12-2003	34,07		28,64	29,54	32,19	4,42	4,47		31,21	
02-01-2004	33,86		28,03	29,33	30,78	3,78	4,26		30,12	
09-01-2004	35,62		27,83	28,81	31,18	4,45	4,71		31,56	
16-01-2004	32,98		26,52	28,76	30,46	4,58	5,52		29,76	
23-01-2004	31,97		26,49	28,21	31,58	4,12	4,41		29,74	
30-01-2004	32,68		26,24	27,55	29,35	6,13	5,28		29,81	
06-02-2004	30,97		26,36	27,68	28,88	5,49	4,32		28,46	
13-02-2004	31,82		25,57	26,70	29,53	3,92	7,44		28,81	
20-02-2004	31,24		25,44	26,16	28,63	4,43	5,53		28,64	
27-02-2004	31,04		25,21	26,43	27,53	4,97	5,02		28,01	
05-03-2004	30,61		24,99	26,26	26,97	4,49	4,69		27,55	
12-03-2004	32,58		28,57	25,97	27,80	4,57	7,36		29,56	
19-03-2004	30,35		24,02	25,22	27,76	4,68	7,30		26,98	
26-03-2004	29,62		24,08	25,08	32,46	6,01	4,57		26,08	
02-04-2004	29,35		23,56	24,76	26,67		5,00		25,55	
09-04-2004	30,45		23,17	24,41	26,83	6,12	4,58		26,43	
16-04-2004	28,65		22,78	24,05	26,85	4,41	5,19		25,52	
23-04-2004	28,22		22,64	23,90	26,30	2,97	4,29		25,40	
30-04-2004	27,79		22,37	23,87	24,38	3,93	3,05		24,62	
07-05-2004	28,30		22,76	24,21	27,25	5,01	5,07		25,28	
14-05-2004	28,26		23,51	24,93	27,63	4,07	4,43		25,31	
21-05-2004	29,67		25,21	27,55	26,65	4,46	4,56		27,30	
28-05-2004	30,70		27,31	29,17	24,80	4,68	8,03		29,01	
04-06-2004	33,04		26,91	29,93	26,72	6,07	5,37		29,72	
11-06-2004	34,15		28,01	31,36	27,05	5,93	5,20		31,13	
18-06-2004	33,61		29,18	31,28	27,82	3,75	4,36		31,60	
25-06-2004	33,89		29,20	31,48	27,94	3,53	4,53		31,64	
02-07-2004	34,10		28,32	30,88	26,25	4,66	4,72		31,15	
09-07-2004	33,94		29,07	30,81	27,63	4,75	6,40		31,43	
16-07-2004	33,15		28,62	30,88	27,01	3,99	6,15		31,08	
23-07-2004	32,47		29,07	30,38	27,04	3,20	5,34		31,11	
30-07-2004	32,48		28,21	29,81	25,14	3,40	4,31		30,54	
06-08-2004	32,89		27,80	29,81	25,53	6,59	6,29		30,69	
13-08-2004	32,02		28,07	29,77	25,26	5,21	3,50		30,35	
20-08-2004	32,39		28,72	30,07	26,90	3,98	5,56		31,02	
27-08-2004	32,69		28,40	30,16	23,05	4,44	5,41		30,85	
03-09-2004	33,17		27,62	29,94	25,19	4,83	4,84		30,67	
10-09-2004	33,24		28,39	29,74	25,70	6,25	5,51		31,06	
17-09-2004	32,38		28,10	29,59	24,62	4,29	7,40		30,66	
24-09-2004	32,00		27,95	29,62	26,20	4,11	4,80		30,32	
01-10-2004	32,56		27,88	29,72	24,10	3,79	4,08		30,33	
08-10-2004	32,15		27,94	29,49	25,58	4,30	4,89		30,39	
15-10-2004	31,70		27,63	29,35	24,74	4,53	4,07		30,01	
22-10-2004	31,16		27,01	26,58	25,74	5,59	4,33		29,26	
29-10-2004	31,06		26,31	28,59	21,49	5,49	4,96		29,01	
05-11-2004	30,60		26,01	27,48	24,46	3,88	6,07		28,12	
12-11-2004	30,59		25,57	26,94	24,96	5,35	5,19		28,17	
19-11-2004	30,00		25,52	27,04	23,66	4,52	5,96		28,43	
26-11-2004	31,28		25,46	26,44	21,90	6,25	5,10		28,65	
03-12-2004	31,33		25,26	26,56	25,53	5,83	6,81		28,28	
10-12-2004	31,05		25,06	26,17	26,21	5,55	6,98		28,07	
17-12-2004	30,62		24,79	25,90	27,61	4,30	6,40		28,15	
24-12-2004	30,69		24,45	25,49	25,78	4,71	6,92		28,01	
31-12-2004	31,45		24,07	25,19	25,03	5,24	5,42		27,27	
07-01-2005	29,98		24,65	22,83	26,23	5,05	4,50		26,13	
14-01-2005	30,27		23,95	22,39	24,31	4,95	5,39		27,05	
21-01-2005	29,35		23,01	22,05	25,71		7,27		26,37	
28-01-2005	29,14		22,36	21,18	22,20	5,71	4,83		25,99	
04-02-2005	28,12		21,93	20,97	23,52	4,56	6,89		25,12	
11-02-2005	25,84		21,70	20,60	22,30	3,94	6,34		24,68	
18-02-2005	25,25		21,13	20,27	22,64	6,45	6,39		24,40	
25-02-2005	25,66		20,44	19,79	23,48	5,62	6,26		24,17	
04-03-2005	27,15		19,99	19,23	22,54	6,19	6,72		23,30	
11-03-2005	27,56		20,04	18,99	23,73	5,66	5,13		23,15	
18-03-2005	24,89		19,69	18,68	23,94	3,47	6,24		22,11	
25-03-2005	25,25		19,48	18,54	26,52	3,96	6,06		22,18	
01-04-2005	25,34		19,10	18,44	21,03	5,14	5,54		21,61	
08-04-2005	25,18		19,27	18,26	22,40	3,39	6,75		21,55	
15-04-2005	24,88		18,89	18,25	21,37	5,55	6,06		21,12	
22-04-2005	25,23		18,58	18,29	22,77	5,05	6,16		21,37	
29-04-2005	25,02		18,39	18,15	20,17	5,36	5,63		21,06	
06-05-2005	25,03		18,39	18,15	20,66	4,94	6,16		21,10	
13-05-2005	24,92		18,52	18,08	20,32	4,36	6,10		20,89	
20-05-2005	24,76		18,15	18,02	19,55	5,94	6,95		20,96	
27-05-2005	25,20		18,14	17,92	19,34	4,50	6,90		21,13	
03-06-2005	24,99		18,30	17,92	19,92	4,13	4,95		20,93	
10-06-2005	25,38		18,38	17,91	20,76	5,82	6,78		21,36	
17-06-2005	24,54		17,90	16,93	20,70	5,12	5,54		20,68	
24-06-2005	24,67		17,48	16,61	20,68	3,27	6,28		20,54	
01-07-2005	25,12		18,28	16,40	18,90	3,69	5,81		20,18	
08-07-2005	24,85		17,02	16,22	18,60	4,49	7,41		19,77	
15-07-2005	25,68		17,00	15,99	19,80	5,33	5,45		20,22	
22-07-2005	25,56		16,76	15,96	20,19	4,98	5,87		20,37	
29-07-2005	24,15		18,00	16,00	19,06	5,17	6,19		19,66	
05-08-2005	24,33		16,29	15,96	18,99	5,64	5,32		19,29	
12-08-2005	24,83		16,38	15,90	18,99	5,13	5,71		19,37	
19-08-2005	23,88		20,09	17,45	17,53	4,77	6,23		20,27	
26-08-2005	23,97		19,88	17,27	17,71	3,89	5,59		20,01	
02-09-2005	23,68		19,66	17,27	18,91	5,02	6,34		19,80	
09-09-2005	23,84		20,05	17,20	20,55	3,31	6,60		19,97	
16-09-2005	23,68		19,92	17,21	19,60	4,24	7,16		19,99	
23-09-2005	23,74		19,67	17,06	20,13	4,64	5,86		19,74	
30-09-2005	23,55		19,46	16,68	18,34	4,51	5,37		19,36	
07-10-2005	22,80		19,46	16,34	19,34	5,23	5,82		18,91	
14-10-2005	22,54		19,47	16,32	19,33	3,96	6,78		18,80	
21-10-2005	22,87		19,39	16,54	20,13	4,63	6,33		19,23	
28-10-2005	22,17		19,06	16,26	19,69	4,60	7,21		18,72	
04-11-2005	21,26		18,71	15,80	17,80	4,81	6,50		18,13	
11-11-2005	21,70		19,55	16,13	18,44	3,95	6,38		18,65	
18-11-2005	21,87		19,19	16,01	15,88	3,97	7,06		18,48	
25-11-2005	21,62		18,56	15,68	17,43	5,08	6,36		18,15	
02-12-2005	22,26		18,42	16,06	19,00	5,15	6,33		18,38	
09-12-2005	21,17		18,44	15,72	18,72	4,35	6,55		18,18	
16-12-2005	21,87		18,00	15,59	19,39	3,90	6,25		18,05	
23-12-2005	21,66		17,58	15,35	19,27	5,74	6,14		17,65	
30-12-2005	21,35		16,78	15,10	16,57	4,86	6,34		17,13	
06-01-2006	21,19		17,36	15,10	19,50	3,98	6,36		17,44	
13-01-2006										
20-01-2006	21,39		18,18	15,35	21,12	4,29	7,19		17,85	
27-01-2006	21,48		17,80	15,11	17,32	4,21	6,68		17,54	
03-02-2006	21,38		17,51	15,01	20,55	4,92	6,27		17,36	
10-02-2006	21,36		17,92	14,91	18,75	4,22	6,64		17,38	
17-02-2006	21,05		17,77	15,00	19,64	5,38	6,66		17,43	
24-02-2006	20,96		17,24	14,66	17,40	4,41	6,42		17,02	
03-03-2006	21,08		17,28	14,98	16,64	4,44	6,42		17,19	
10-03-2006	20,87		17,27	14,86	17,28	4,23	6,46		17,18	
17-03-2006	21,13		17,22	14,73	16,85	4,29	4,75		17,18	
24-03-2006	20,83		16,65	14,56	17,53	4,48	6,54		16,88	
31-03-2006	20,65		16,10	14,47	16,01	4,63	6,29		16,61	
07-04-2006	20,45		16,40	14,07	17,15	4,72	6,58		16,38	
14-04-2006	19,99		16,14	14,27	17,06	3,59	6,25		16,24	
21-04-2006	19,71		16,19	14,15	17,55	4,74	5,95		16,37	
28-04-2006	18,39		13,55	13,29	16,28	4,28	6,28		15,84	
05-05-2006	20,62		13,47	13,90	16,60	4,44	5,93		16,54	
12-05-2006	18,90		13,67	13,81	16,23	3,81	6,77		16,08	
19-05-2006	18,98		13,48	14,22	15,83	4,62	6,34		15,98	
26-05-2006	19,14		13,96	14,76	15,40	4,05	6,27		16,60	
02-06-2006	20,17		14,58	15,69	15,97	4,57	6,89		17,40	
09-06-2006	21,36		16,36	16,63	16,65	4,66	6,87		18,56	
16-06-2006	22,05		17,25	17,29	17,25	5,49	6,54		19,41	
23-06-2006	22,23		18,66	18,23	17,76	4,21	6,82		20,35	
30-06-2006	25,57		20,84	18,54	19,22	4,82	6,52		22,63	
07-07-2006	27,45		22,43	20,68	20,15	4,98	6,17		24,89	
14-07-2006	27,76		23,06	21,80	19,50	4,27	6,29		25,52	
21-07-2006	27,82		23,35	21,29	20,27	5,19	7,12		25,43	
28-07-2006	28,04		22,71	20,90	19,38	5,35	6,81		25,29	
04-08-2006	27,99		22,35	21,14	20,18	5,97	7,27		25,24	
11-08-2006	28,17		22,66	21,83	20,02	5,13	6,35		25,76	
18-08-2006	27,94		22,51	22,02	19,70	4,34	6,75		25,62	
25-08-2006	27,73		22,22	21,83	20,00	5,28	7,04		25,41	
01-09-2006	27,44		21,41	21,55	18,92	4,61	6,60		24,93	
08-09-2006	27,16		21,78	21,96	19,85	5,12	7,44		25,07	
15-09-2006	26,97		21,54	21,63	19,81	4,60	7,22		24,58	
22-09-2006	26,80		21,45	21,96	20,56	4,80	7,22		24,70	
29-09-2006	26,93		21,30	21,66	19,77	5,01	7,14		24,54	
06-10-2006	26,94		21,55	21,54	20,43	4,76	7,16		24,63	
13-10-2006	26,40		21,66	21,65	19,87	5,47	7,25		24,33	
20-10-2006	26,17		21,77	21,83	20,86	5,83	8,04		24,29	
27-10-2006	26,86		22,04	21,57	20,09	6,26	7,61		24,80	
03-11-2006	26,61		22,06	21,42	20,71	5,26	7,29		24,51	
10-11-2006	26,73		21,95	21,79	21,11	5,37	7,35		24,57	
17-11-2006	26,54		21,79	21,62	19,73	5,31	7,08		24,17	
24-11-2006	25,24		21,50	20,97	20,80	4,98	7,14		23,49	
01-12-2006	24,09		21,45	19,47	19,67	4,92	8,21		22,26	
08-12-2006	25,76		20,88	19,67	20,49	5,28	7,31		22,86	
15-12-2006	25,15		21,04	19,85	19,78	5,35	6,95		22,62	
22-12-2006	25,26		20,81	21,09	19,95	5,57	6,88		23,38	
29-12-2006	25,25		20,46	21,53	19,40	6,02	7,20		23,12	
05-01-2007	25,16		20,52	21,45	18,22	6,35	7,75		23,26	
12-01-2007	25,36		21,53	21,30	19,83	5,92	7,27		23,81	
19-01-2007	25,72		21,52	21,30	20,35	6,53	7,20		23,89	
26-01-2007	25,75		21,51	21,30	18,66	5,47	6,95		23,95	
02-02-2007	25,21		21,42	21,19	19,97	6,30	7,66		23,57	
09-02-2007	24,88		21,74	20,38	20,12	6,25	7,19		23,16	
16-02-2007	24,45		21,26	19,78	19,43	6,38	7,18		22,65	
23-02-2007	24,77		20,93	19,68	19,49	7,04	7,13		22,75	
02-03-2007	24,80		20,53	19,68	19,11	5,51	7,17		22,60	
09-03-2007	24,63		20,60	19,47	19,94	5,22	7,40		22,49	
16-03-2007	24,38		20,27	19,48	19,37	5,17	6,97		22,36	
23-03-2007	24,42		20,11	19,23	18,93	6,16	7,29		22,18	
30-03-2007	24,65		19,80	19,42	19,14	6,04	6,94		22,36	
06-04-2007	24,19		19,85	19,10	19,40	7,02	6,94		22,00	
13-04-2007	23,56		19,92	19,18	19,12	6,03	7,14		21,67	
20-04-2007	22,94		19,73	19,36	21,21	6,27	6,98		21,35	
27-04-2007	23,10		19,70	19,54	19,19	5,38	6,08		21,62	
04-05-2007	23,10		19,64	19,08	19,15	5,87	7,65		21,35	
11-05-2007	23,23		19,89	19,14	18,85	5,46	7,32		21,56	
18-05-2007	22,75		19,69	18,67	18,98	7,71	6,89		21,09	
25-05-2007	23,25		19,53	18,07	19,64	5,69	6,66		21,00	
01-06-2007	23,33		19,21	18,11	18,12	5,91	7,56		21,22	
08-06-2007	23,87		19,57	17,98	18,98	5,45	6,97		20,98	
15-06-2007	24,06		19,78	18,11	18,67	5,80	7,06		21,33	
22-06-2007	23,37		19,53	18,08	19,18	5,89	6,71		21,08	
29-06-2007	23,09		19,54	17,88	18,99	6,15	6,58		20,92	
06-07-2007	22,88		19,46	17,59	19,12	6,01	7,25		20,65	
13-07-2007	22,57		19,48	17,66	18,56	5,94	7,04		20,57	
20-07-2007	22,36		19,44	17,31	18,88	6,04	6,53		20,26	
27-07-2007	24,35		18,98	17,15	18,93	6,17	6,69		21,50	
03-08-2007	22,37		18,72	17,06	18,10	5,85	6,61		20,06	
10-08-2007	22,17		18,75	17,03	18,78	6,28	6,84		20,08	
17-08-2007	21,88		18,60	16,98	17,82	6,01	7,09		19,80	
24-08-2007	21,99		18,53	17,05	18,87	6,83	6,78		19,86	
31-08-2007	21,94		18,48	17,48	17,41	6,01	6,91		20,13	
07-09-2007	21,99		18,32	17,46	18,79	6,49	7,12		20,13	
14-09-2007	21,89		18,59	17,59	18,47	5,96	6,34		20,09	
21-09-2007	24,59		18,56	17,49	18,19	6,43	7,07		21,74	
28-09-2007	21,55		18,41	17,79	17,90	6,46	6,96		20,06	
05-10-2007	21,11		18,43	17,43	18,44	5,56	6,85		19,88	
12-10-2007	20,74		18,41	17,66	18,72	6,61	7,46		19,82	
19-10-2007	21,24		18,39	16,81	17,45	6,69	7,09		19,73	
26-10-2007	22,16		18,15	17,17	17,24	5,87	6,95		20,08	
02-11-2007	22,38		17,86	17,85	17,96	6,18	6,83		20,37	
09-11-2007	21,99		18,00	17,03	18,06	6,16	6,82		19,78	
16-11-2007	20,82		17,90	16,68	16,90	6,28	7,22		19,17	
23-11-2007	20,38		17,43	16,57	17,78	5,93	7,18		18,91	
30-11-2007	20,15		17,04	16,58	16,46	6,32	6,45		18,71	
07-12-2007	20,15		16,99	16,52	17,92	6,32	7,05		18,58	
14-12-2007	19,53		16,85	16,61	17,10	6,11	6,83		18,34	
21-12-2007	19,30		16,77	16,77	18,05	6,56	6,46		18,30	
28-12-2007	19,22		16,53	16,21	17,26	6,31	5,77		17,97	
04-01-2008	19,66		16,46	16,80	17,24	6,02	6,54		18,36	
11-01-2008	19,86		17,03	16,51	16,69	6,87	6,72		18,61	
18-01-2008	19,95		16,83	16,46	17,13	6,11	6,04		18,52	
25-01-2008	19,86		16,85	16,25	18,00	6,74	6,03		18,38	
01-02-2008	19,98		16,88	16,29	16,85	6,79	5,44		18,35	
08-02-2008	19,49		16,85	16,13	17,69	6,14	5,43		18,11	
15-02-2008	20,04		16,98	16,38	16,56	6,87	5,27		18,32	
22-02-2008	19,85		17,03	16,51	17,23	6,95	5,34		18,42	
29-02-2008	20,32		16,96	16,62	15,92	7,07	5,70		18,69	
07-03-2008	20,69		17,51	16,63	17,23	6,61	5,53		18,89	
14-03-2008	20,44		17,28	16,74	16,48	6,49	5,89		18,67	
21-03-2008	20,59		17,99	17,50	17,49	6,57	5,34		19,23	
28-03-2008	20,79		18,25	18,24	16,95	5,44	4,46		19,72	
04-04-2008	21,09		18,48	18,12	17,54	6,65	4,95		19,85	
11-04-2008	21,44		18,99	17,99	17,02	6,50	4,60		19,99	
18-04-2008	20,62		18,97	17,98	17,68	7,02	4,57		19,62	
25-04-2008	20,84		18,61	18,14	17,33	4,75	4,86		19,83	
02-05-2008	20,60		18,57	17,99	16,51	5,89	5,03		19,59	
09-05-2008	20,72		19,02	17,66	17,42	6,20	4,50		19,65	
16-05-2008	20,59		18,86	17,55	17,96	6,03	4,89		19,39	
23-05-2008	20,76		18,72	16,95	17,89	6,14	4,59		19,33	
30-05-2008	21,09		18,71	17,11	17,75	6,15	4,49		19,62	
06-06-2008	20,83		18,80	17,24	17,74	6,24	4,39		19,56	
13-06-2008	20,93		18,96	17,38	17,89	6,40	4,63		19,53	
20-06-2008	21,19		19,16	17,68	18,76	6,50	4,83		19,86	
27-06-2008	22,03		19,22	18,11	18,00	6,59	5,40		20,54	
04-07-2008	21,57		19,50	18,17	18,80	7,09	4,56		20,28	
11-07-2008	21,71		20,25	18,87	17,99	7,30	5,54		20,75	
18-07-2008	21,54		20,31	19,20	18,86	6,92	4,72		20,80	
25-07-2008	22,02		20,13	19,46	18,96	6,91	5,68		21,27	
01-08-2008	22,64		19,83	19,42	18,66	7,03	6,53		21,57	
08-08-2008	22,51		20,03	19,10	18,52	6,96	5,24		21,53	
15-08-2008	22,27		20,00	18,89	18,22	6,84	5,96		21,34	
22-08-2008	21,92		19,88	19,20	18,37	7,35	5,57		21,09	
29-08-2008	21,47		19,70	18,82	17,96	7,51	7,01		20,69	
05-09-2008	22,03		19,78	19,03	18,36	7,40	5,52		21,12	
12-09-2008	21,87		19,56	18,60	18,29	7,25	3,84		20,91	
19-09-2008	20,66		19,52	18,26	19,16	7,24	5,22		20,03	
26-09-2008	20,37		19,35	18,16	18,31	7,59	5,50		19,77	
03-10-2008	21,19		19,46	18,61	18,69	8,54	5,08		20,25	
10-10-2008	21,44		19,73	18,32	19,79	9,03	6,77		20,46	
17-10-2008	22,41		20,82	18,85	20,90	9,04	7,02		21,21	
24-10-2008	22,95		21,14	19,76	21,41	10,18	8,92		21,87	
31-10-2008	23,72		21,85	20,89	21,44	11,51	7,28		22,81	
07-11-2008	24,93		23,58	22,29	21,99	11,59	9,93		24,33	
14-11-2008	26,30		24,30	22,57	22,40	10,54	7,05		25,42	
21-11-2008	25,02		24,36	22,74	22,99	11,26	10,37		24,55	
28-11-2008	24,09		23,95	23,16	22,37	8,49	8,65		23,93	
05-12-2008	24,78		24,06	22,98	23,10	12,20	11,03		24,47	
12-12-2008	24,74		23,58	22,61	20,84	10,39	7,74		24,29	
19-12-2008	24,81		21,44	22,15	23,45	8,87	10,03		24,27	
26-12-2008	23,55		22,54	21,78	22,30	9,49	6,78		23,27	
02-01-2009	26,26		21,59	20,67	22,80	10,11	3,27		25,11	
09-01-2009	23,58		22,85	19,83	22,74	9,79	6,18		22,96	
16-01-2009	22,58		22,17	18,92	21,42	8,19	8,05		21,79	
23-01-2009	21,09		21,11	18,23	20,69	8,99	6,16		20,49	
30-01-2009	20,78		20,53	17,60	21,36	8,97	7,21		19,98	
06-02-2009	20,84		21,36	18,36	20,49	8,68	8,46		20,27	
13-02-2009	22,02		21,29	18,21	19,86	7,25	6,44		20,87	
20-02-2009	21,52		20,45	18,24	18,54	7,92	8,61		20,52	
27-02-2009	21,51		20,41	18,03	17,75	7,50	6,28		20,49	
06-03-2009	22,66		20,27	18,23	19,02	8,05	8,17		21,17	
13-03-2009	22,37		20,74	18,44	18,74	8,40	7,14		21,02	
20-03-2009	22,03		20,09	18,39	18,12	7,17	6,01		20,80	
27-03-2009	20,14		19,18	18,03	16,81	7,33	7,85		19,54	
03-04-2009	18,57		18,66	17,47	16,77	7,47	6,13		18,28	
10-04-2009	18,85		18,72	17,40	16,23	6,78	7,19		18,45	
17-04-2009	19,22		18,77	17,08	14,98	7,27	5,92		18,59	
24-04-2009	19,41		18,36	17,09	14,98	7,86	7,43		18,73	
01-05-2009	19,18		18,47	16,98	13,84	9,21	6,29		18,52	
08-05-2009	20,30		18,48	16,79	14,08	7,03	6,94		19,08	
15-05-2009	20,48		18,30	16,79	14,21	7,20	5,31		19,15	
22-05-2009	20,43		18,43	16,69	14,38	7,84	8,13		19,15	
29-05-2009	19,69		17,97	16,55	13,87	6,98	5,56		18,70	
05-06-2009	20,55		18,22	16,42	13,65	6,76	6,10		19,08	
12-06-2009	20,52		17,88	16,35	13,28	7,09	5,86		18,94	
19-06-2009	20,28		18,23	16,29	13,01	6,16	5,30		18,90	
26-06-2009	20,13		18,64	16,26	12,93	6,75	6,31		18,76	
03-07-2009	19,92		18,16	16,19	13,75	6,59	6,25		18,63	
10-07-2009	19,95		18,54	16,08	13,00	6,22	7,49		18,73	
17-07-2009	19,68		18,46	15,99	13,03	6,35	5,83		18,61	
24-07-2009	19,66		18,25	15,69	13,12	6,05	3,80		18,50	
31-07-2009	19,47		17,71	15,69	12,88	7,33	7,18		18,36	
07-08-2009	19,24		17,60	15,61	12,93	5,06	5,28		18,15	
14-08-2009	18,82		16,95	15,24	12,28	4,92	6,43		17,71	
21-08-2009	18,97		16,80	14,78	11,91	5,60	4,37		17,71	
28-08-2009	17,24		16,22	13,75	11,28	4,43	5,15		16,20	
04-09-2009	16,74		15,96	13,11	11,40	5,21	4,67		15,25	
11-09-2009	16,57		15,97	12,96	10,89	5,77	5,30		14,73	
18-09-2009	16,27		15,56	12,96	10,84	5,45	4,23		14,47	
25-09-2009	16,21		15,17	12,94	11,13	4,60	4,20		14,45	
02-10-2009	16,52		14,90	12,93	11,22	4,47	5,44		14,60	
09-10-2009	17,17		15,31	12,85	10,37	5,93	4,44		14,70	
16-10-2009	17,25		15,31	12,71	10,37	5,15	3,98		14,63	
23-10-2009	17,48		15,06	12,42	10,04	5,30	5,23		14,75	
30-10-2009	16,75		14,53	12,29	10,70	4,98	7,25		14,42	
06-11-2009	16,36		14,36	12,21	9,92	6,03	4,41		14,19	
13-11-2009	15,06		14,39	12,06	9,61	5,46	5,28		13,59	
20-11-2009	14,34		13,71	12,10	9,76	5,11	5,64		13,40	
27-11-2009	14,26		13,80	12,09	9,81	5,27	3,94		13,49	
04-12-2009	14,83		13,70	12,24	10,12	6,16	3,35		13,76	
11-12-2009	14,94		13,19	12,30	9,62	4,92	4,63		13,77	
18-12-2009	15,31		12,96	12,23	9,08	4,94	3,92		13,86	
25-12-2009	15,19		12,68	12,21	9,06	4,90	4,56		13,92	
01-01-2010	14,89		12,36	12,06	9,24	4,82	4,26		13,68	
08-01-2010	15,13		12,88	12,24	9,14	4,26	3,91		13,86	
15-01-2010	15,09		13,73	12,16	9,23	5,00	3,15		13,82	
22-01-2010	14,78		13,63	12,23	9,17	3,59	3,98		13,84	
29-01-2010	14,89		13,31	11,96	9,53	4,48	4,97		13,76	
05-02-2010	14,72		13,63	12,04	8,75	3,30	4,48		13,67	
12-02-2010	14,53		13,36	12,02	9,05	3,97	4,01		13,61	
19-02-2010	14,27		13,22	11,97	8,61	4,71	5,21		13,44	
26-02-2010	14,23		12,88	11,87	8,92	4,00	4,05		13,36	
05-03-2010	14,87		12,99	11,75	8,58	4,24	4,04		13,65	
12-03-2010	14,78		12,92	11,85	8,82	3,41	3,75		13,72	
19-03-2010	14,52		12,74	11,78	8,56	4,53	4,59		13,58	
26-03-2010	14,04		12,26	11,63	8,83	3,26	3,37		13,10	
02-04-2010	13,99		11,98	11,49	9,57	4,46	4,09		12,96	
09-04-2010	14,21		12,16	11,49	9,06	3,57	4,47		13,05	
16-04-2010	13,87		12,04	11,43	9,54	3,31	4,38		12,87	
23-04-2010	14,13		12,05	11,57	9,38	3,28	2,96		13,18	
30-04-2010	13,86		11,83	11,52	9,26	4,17	4,47		12,96	
07-05-2010	14,15		11,31	11,32	8,63	4,29	3,97		13,00	
14-05-2010	14,22		12,02	11,44	8,75	3,58	4,30		13,11	
21-05-2010	14,22		11,89	11,65	9,01	5,77	3,55		13,25	
28-05-2010	14,19		11,74	11,61	9,23	3,96	2,70		13,25	
04-06-2010	14,20		11,70	11,50	8,72	5,21	4,14		13,13	
11-06-2010	14,07		11,88	11,32	9,20	4,51	5,16		13,03	
18-06-2010	14,21		11,77	11,26	9,08	4,12	3,59		13,09	
25-06-2010	13,97		11,65	11,10	9,50	4,87	3,66		12,88	
02-07-2010	13,91		11,29	11,05	9,42	4,57	3,96		12,72	
09-07-2010	13,92		11,69	11,03	9,07	4,53	4,76		12,81	
16-07-2010	13,81		11,65	10,98	8,97	4,23	5,78		12,77	
23-07-2010	13,79		11,36	10,93	9,00	4,32	4,41		12,72	
30-07-2010	13,29		10,93	10,88	8,85	4,05	4,27		12,38	
06-08-2010	13,50		11,00	10,76	8,84	3,56	4,91		12,44	
13-08-2010	13,40		10,95	10,81	8,85	4,24	5,17		12,33	
20-08-2010	12,64		10,81	10,74	8,99	4,91	4,20		11,87	
27-08-2010	12,51		10,72	10,70	8,65	4,18	3,64		11,79	
03-09-2010	12,43		10,63	10,64	8,91	3,90	3,48		11,78	
10-09-2010	12,37		10,86	10,65	9,15	3,66	3,64		11,76	
17-09-2010	12,46		10,92	10,62	8,45	3,65	3,29		11,79	
24-09-2010	12,53		10,74	10,66	8,73	3,61	3,32		11,80	
01-10-2010	12,39		10,63	10,47	8,99	4,03	3,64		11,54	
08-10-2010	12,33		10,80	10,44	8,70	4,00	3,48		11,52	
15-10-2010	12,45		10,70	10,33	8,66	3,41	4,38		11,49	
22-10-2010	12,32		10,46	10,11	8,62	4,11	3,40		11,32	
29-10-2010	12,50		10,42	10,24	8,75	4,24	3,27		11,52	
05-11-2010	12,34		10,43	10,06	8,92	4,64	3,63		11,37	
12-11-2010	12,27		10,38	9,93	8,69	3,28	3,87		11,18	
19-11-2010										
26-11-2010	12,24		9,96	9,83	8,29	4,34	3,56		11,19	
03-12-2010	12,12		9,39	9,79	8,72	4,93	4,93		11,00	
10-12-2010	12,05		10,10	9,75	8,49	3,41	3,81		10,99	
17-12-2010	11,98		9,86	9,61	8,35	3,91	4,34		10,86	
24-12-2010	11,91		9,64	9,55	8,39	4,94	3,36		10,83	
31-12-2010	11,79		9,36	9,53	8,39	4,73	4,56		10,58	
07-01-2011	11,91		10,01	9,53	8,47	2,71	3,07		10,88	
14-01-2011	12,01		10,42	9,51	8,34	4,75	4,22		10,92	
21-01-2011	11,89		10,43	9,41	8,60	5,12	4,28		10,88	
28-01-2011	11,85		10,24	9,42	8,25	4,21	4,10		10,75	
04-02-2011	11,85		10,44	9,54	8,66	3,39	4,33		10,83	
11-02-2011	11,98		10,49	9,63	8,38	3,10	4,78		11,04	
18-02-2011	11,96		10,48	9,69	8,48	4,31	4,29		11,08	
25-02-2011	11,96		10,36	9,68	8,69	3,83	3,92		11,11	
04-03-2011	11,95		10,41	9,66	8,65	4,34	5,15		11,07	
11-03-2011	12,04		10,59	9,74	8,53	4,07	4,05		11,14	
18-03-2011	11,97		10,54	9,76	8,50	4,04	4,00		11,19	
25-03-2011	12,04		10,50	9,74	8,92	3,75	4,48		11,20	
01-04-2011	12,05		10,49	9,86	8,99	4,03	5,14		11,25	
08-04-2011	12,30		10,73	9,99	9,16	4,51	4,59		11,47	
15-04-2011	12,32		10,82	10,24	9,22	3,63	4,86		11,60	
22-04-2011	12,33		10,75	10,32	9,19	4,46	4,66		11,67	
29-04-2011	12,28		10,67	10,33	9,41	3,90	4,53		11,65	
06-05-2011	12,49		10,85	10,35	9,71	4,09	4,70		11,75	
13-05-2011	12,76		11,00	10,35	9,61	5,53	4,15		11,93	
20-05-2011	12,79		10,97	10,29	9,94	4,76	4,24		11,96	
27-05-2011	12,85		10,98	10,40	9,42	4,75	5,16		12,09	
03-06-2011	12,93		11,09	10,39	9,89	5,62	4,97		12,04	
10-06-2011	13,10		11,40	10,67	10,00	5,17	4,65		12,27	
17-06-2011	13,23		11,47	10,90	10,15	4,54	4,71		12,54	
24-06-2011	13,93		11,51	11,07	10,62	5,22	4,32		13,00	
01-07-2011	15,63		11,35	11,68	10,98	4,97	4,96		14,12	
08-07-2011	16,46		12,60	11,88	11,80	5,26	5,20		14,79	
15-07-2011	16,63		12,80	12,22	10,78	6,01	5,18		15,17	
22-07-2011	16,73		12,90	12,28	11,83	5,56	4,97		15,27	
29-07-2011	17,15		12,75	12,37	11,79	5,96	5,46		15,57	
05-08-2011	17,31		13,05	12,55	11,89	7,89	5,42		15,55	
12-08-2011	17,31		12,82	12,67	11,77	5,28	5,76		15,74	
19-08-2011	17,35		12,77	12,69	11,84	5,46	5,43		15,80	
26-08-2011	17,41		12,63	12,72	10,38	5,70	4,80		15,88	
02-09-2011	17,22		13,17	12,31	11,27	5,49	4,61		16,14	
09-09-2011	17,36		13,05	12,58	11,90	5,56	5,31		16,09	
16-09-2011	17,19		13,02	12,63	10,52	5,81	6,10		15,83	
23-09-2011	17,34		12,93	12,54	12,14	6,06	5,15		15,84	
30-09-2011	17,18		12,75	12,48	11,82	6,16	4,74		15,57	
07-10-2011	17,10		12,90	12,48	12,12	5,59	4,75		15,52	
14-10-2011	17,12		12,89	12,42	11,64	4,74	4,95		15,42	
21-10-2011	17,07		12,87	12,39	11,88	6,47	4,23		15,48	
28-10-2011	17,72		13,21	12,49	13,39	5,44	6,64		15,44	
04-11-2011	19,04		13,85	13,40	14,66	5,08	6,27		16,91	
11-11-2011	19,06		14,56	14,10	12,48	6,64	4,88		17,69	
18-11-2011	19,01		13,23	14,42	12,61	6,97	4,26		17,66	
25-11-2011	19,23		12,05	14,63	13,85	6,88	5,12		17,60	
02-12-2011	19,55		11,39	14,48	14,02	8,28	5,05		17,65	
09-12-2011	19,76		11,96	14,52	14,38	5,68	5,85		17,84	
16-12-2011	19,50		12,47	14,48	13,09	5,15	5,64		17,67	
23-12-2011	19,90		12,42	14,43	15,02	4,92	5,15		17,88	
30-12-2011	19,78		11,85	14,35	14,89	7,13	6,24		17,10	
06-01-2012	20,12		13,90	14,40	16,04	5,68	6,07		18,06	
13-01-2012	20,14		15,48	14,50	15,30	4,75	5,10		18,34	
20-01-2012	19,79		15,51	14,52	15,80	5,92	5,63		18,22	
27-01-2012	19,84		15,27	14,58	14,05	3,81	5,12		18,28	
03-02-2012	19,64		15,11	14,49	15,73	6,59	7,30		18,05	
10-02-2012	19,49		15,25	14,07	15,55	5,50	4,96		17,84	
17-02-2012	19,26		14,68	13,77	13,68	5,17	6,97		17,56	
24-02-2012	19,30		14,24	13,38	14,50	6,06	5,59		17,33	
02-03-2012	19,20		13,95	13,45	14,51	5,53	6,00		17,25	
09-03-2012	19,09		13,88	13,38	14,20	6,93	6,66		17,15	
16-03-2012	18,57		13,24	13,29	13,92	5,25	8,32		16,65	
23-03-2012	18,65		13,15	13,21	13,91	5,96	4,99		16,66	
30-03-2012	18,73		12,75	13,21	14,38	7,35	4,86		16,51	
06-04-2012	18,90		13,21	13,17	14,73	5,50	6,13		16,73	
13-04-2012	18,49		13,49	13,07	14,41	6,38	5,92		16,51	
20-04-2012	18,29		13,19	13,01	14,37	5,55	5,68		16,28	
27-04-2012	18,46		12,77	12,97	13,22	6,37	4,03		16,43	
04-05-2012	18,34		12,75	12,99	15,04	5,68	5,97		16,30	
11-05-2012	18,36		13,36	12,61	13,41	6,31	5,44		16,04	
18-05-2012	18,30		13,10	12,74	13,44	5,49	5,62		16,05	
25-05-2012	18,39		12,74	12,67	14,30	4,49	5,33		16,13	
01-06-2012	18,26		12,38	12,68	14,16	5,82	6,08		15,81	
08-06-2012	18,24		13,04	12,65	14,38	5,08	5,16		16,14	
15-06-2012	17,94		13,53	12,60	14,22	4,94	6,45		15,91	
22-06-2012	17,96		13,32	12,52	14,67	4,24	5,47		15,84	
29-06-2012	18,09		12,66	12,56	14,11	4,61	5,50		15,81	
06-07-2012	17,94		13,08	12,51	14,48	4,91	6,32		15,79	
13-07-2012	17,86		13,24	12,64	14,37	6,06	4,78		15,74	
20-07-2012	17,73		13,54	12,32	14,50	6,08	5,37		15,61	
27-07-2012	17,93	39,62	13,66	12,20	16,97	5,13	5,50	12,19	15,54	31,85
03-08-2012	17,75	37,49	13,66	12,18	15,37	4,52	4,73	11,74	15,40	29,75
10-08-2012	17,62	37,76	13,74	12,14	14,90	5,11	5,09	10,93	15,51	30,77
17-08-2012	17,32	33,88	13,35	12,06	13,40	4,79	4,67	10,58	15,24	27,11
24-08-2012	17,49	45,75	13,28	12,29	15,11	5,01	4,92	10,94	15,67	39,86
31-08-2012	17,21	42,81	12,86	12,05	15,61	4,86	4,83	10,29	15,23	36,14
07-09-2012	16,79	36,94	13,30	12,00	15,13	4,24	4,59	11,12	14,85	29,71
14-09-2012	16,68	36,90	13,22	12,34	14,51	4,60	4,52	10,87	14,81	29,36
21-09-2012	16,52	35,99	12,89	12,13	14,61	4,61	4,65	11,24	14,76	29,07
28-09-2012	16,59	34,44	12,57	11,70	13,35	4,42	4,50	11,01	14,45	26,92
05-10-2012	16,61	39,32	12,86	11,65	14,68	4,99	4,50	10,76	14,43	31,13
12-10-2012	16,43	34,80	12,86	11,27	13,65	4,38	4,09	10,29	14,12	26,78
19-10-2012	16,13	33,69	12,74	11,24	13,66	4,38	4,33	10,46	13,97	25,96
26-10-2012	16,07	41,25	12,62	11,14	9,95	4,21	4,44	8,45	14,07	33,90
02-11-2012	16,18	43,57	12,46	11,03	14,23	4,55	4,13	10,23	14,01	35,95
09-11-2012	16,01	35,40	12,47	10,95	12,95	4,90	4,40	9,76	13,73	27,19
16-11-2012	15,62	32,99	12,09	10,81	11,55	4,00	4,97	8,71	13,48	26,40
23-11-2012	15,58	34,92	11,86	10,64	12,06	4,35	4,32	9,36	13,49	27,58
30-11-2012	15,24	33,33	11,45	10,42	11,80	4,76	4,11	8,77	13,19	25,95
07-12-2012	14,72	37,02	11,35	10,28	12,23	4,22	4,08	8,81	12,70	28,47
14-12-2012	14,31	34,60	11,10	10,15	11,87	4,17	4,55	8,63	12,42	26,38
21-12-2012	14,14	34,77	10,94	10,02	11,72	4,50	4,36	8,92	12,21	26,08
28-12-2012	13,83	31,26	10,66	9,90	10,97	4,32	5,34	8,83	11,92	22,96
04-01-2013	13,90	36,85	10,56	9,90	12,62	4,64	4,54	9,10	11,99	27,88
11-01-2013	14,18	35,36	11,16	9,78	12,02	4,39	4,06	8,78	12,02	26,10
18-01-2013	14,17	33,73	11,34	9,76	11,94	4,29	4,19	8,63	12,09	25,18
25-01-2013	13,97	30,01	11,17	9,66	11,62	3,92	4,09	8,48	12,07	22,92
01-02-2013	13,90	32,80	11,10	9,54	11,74	4,16	4,31	8,42	11,91	24,76
08-02-2013	13,82	29,48	11,15	9,60	12,68	4,49	4,11	8,21	11,90	22,16
15-02-2013	13,66	31,74	10,68	9,61	10,78	4,06	4,11	7,55	11,86	24,95
22-02-2013	13,64	30,12	10,72	9,56	11,85	3,92	4,14	8,49	11,87	23,01
01-03-2013	13,70	31,66	10,54	9,46	11,64	3,85	4,24	7,62	11,91	24,43
08-03-2013	13,61	28,17	10,53	9,41	11,41	3,76	3,84	7,84	11,84	21,66
15-03-2013	13,40	27,63	10,47	9,30	10,53	3,48	3,77	7,06	11,69	21,24
22-03-2013	13,48	31,09	10,50	9,29	11,60	3,65	3,80	8,03	11,77	24,21
29-03-2013	13,43	28,56	10,36	9,07	10,11	3,69	3,95	7,88	11,43	21,08
05-04-2013	13,50	29,65	10,52	9,09	12,11	4,20	3,94	8,66	11,53	22,06
12-04-2013	13,53	28,93	10,37	9,09	10,85	4,14	4,01	7,60	11,55	21,62
19-04-2013	13,33	29,09	10,23	9,06	10,92	3,76	3,66	7,58	11,58	22,40
26-04-2013	13,44	30,24	10,06	8,99	8,84	3,71	4,04	5,92	11,63	23,48
03-05-2013	13,37	30,49	10,08	9,03	9,94	3,76	3,61	7,05	11,49	23,22
10-05-2013	13,10	27,06	10,29	8,99	10,12	3,96	3,70	6,88	11,29	20,39
17-05-2013	12,71	26,46	9,88	8,79	9,39	3,33	3,69	6,44	10,90	19,53
24-05-2013	12,31	26,01	9,68	8,54	9,87	3,21	4,81	7,07	10,67	19,63
31-05-2013	11,87	16,16	9,48	8,48	8,09	3,87	4,12	6,50	10,35	13,26
07-06-2013	11,81	15,97	9,57	8,31	8,95	3,60	3,87	7,22	10,05	12,68
14-06-2013	11,81	15,71	9,71	8,29	9,00	4,11	4,01	7,29	9,97	12,30
21-06-2013	11,88	16,27	9,67	8,29	9,81	3,24	4,56	8,28	10,03	12,74
28-06-2013	11,78	15,70	9,48	8,30	9,27	4,35	4,28	8,15	9,93	12,24
05-07-2013	12,10	16,14	9,78	8,49	10,51	3,46	4,09	8,71	10,39	13,08
12-07-2013	12,35	16,31	10,21	8,78	10,57	4,31	4,23	8,93	10,70	13,38
19-07-2013	12,60	16,72	10,22	9,04	10,75	4,17	4,20	9,48	11,13	14,13
26-07-2013	12,81	16,87	10,18	9,31	10,63	4,06	3,90	9,13	11,46	14,52
02-08-2013	12,84	16,72	10,26	9,51	11,14	3,53	4,14	9,76	11,49	14,34
09-08-2013	12,93	17,49	10,58	9,66	10,41	3,76	4,55	8,98	11,73	15,30
16-08-2013	13,03	18,51	10,68	9,77	10,46	4,55	4,53	9,24	11,86	16,31
23-08-2013	13,32	17,84	10,78	9,92	11,17	3,82	3,76	9,93	12,04	15,59
30-08-2013	13,47	17,63	10,69	10,03	11,61	4,19	4,29	10,70	12,01	15,09
06-09-2013	13,76	17,90	11,41	10,43	11,63	3,94	4,02	10,20	12,52	15,74
13-09-2013	13,95	17,69	11,56	10,70	12,04	3,49	3,49	10,97	12,69	15,53
20-09-2013	14,05	18,20	11,66	10,91	11,29	3,76	3,57	9,94	12,92	16,20
27-09-2013	14,00	17,74	11,21	10,89	10,34	4,09	3,76	9,54	12,85	15,75
04-10-2013	13,99	17,76	11,54	11,00	11,55	4,14	4,48	10,31	12,89	15,86
11-10-2013	13,97	16,87	11,74	10,95	10,57	3,94	3,88	9,26	12,88	15,11
18-10-2013	13,44	21,41	12,13	10,85	10,84	3,75	4,23	9,59	12,83	20,45
25-10-2013	13,85	18,88	11,84	10,90	10,88	3,83	3,78	9,62	12,96	17,32
01-11-2013	13,90	18,32	11,67	10,83	10,80	3,74	3,97	9,48	12,84	16,47
08-11-2013	13,88	17,21	11,80	10,67	11,52	3,76	4,16	10,06	12,69	15,35
15-11-2013	13,75	17,22	11,35	10,58	9,79	3,69	3,58	8,64	12,53	15,17
22-11-2013	13,71	17,71	10,86	10,53	11,16	3,85	3,67	10,00	12,53	15,73
29-11-2013	13,63	17,14	10,74	10,51	10,89	3,87	4,29	9,87	12,37	15,05
06-12-2013	13,53	17,31	11,04	10,56	11,44	3,63	4,18	10,11	12,42	15,37
13-12-2013	13,65	17,35	11,02	10,58	11,52	4,29	4,07	10,06	12,48	15,34
20-12-2013	13,39	17,48	10,99	10,56	11,69	4,40	4,12	10,77	12,34	15,55
27-12-2013	13,72	16,99	10,90	10,73	10,60	4,19	4,45	9,83	12,58	15,12
03-01-2014	14,30	18,99	10,71	10,69	12,89	4,53	4,29	12,06	12,59	16,30
10-01-2014	14,92	19,40	13,25	11,28	12,65	3,91	3,96	11,66	13,56	17,30
17-01-2014	15,17	19,21	13,19	11,37	12,95	4,15	4,20	11,96	13,70	17,10
24-01-2014	15,20	18,99	13,28	11,47	12,94	4,57	3,97	12,02	13,80	16,98
31-01-2014	15,56	18,96	13,77	11,69	14,81	4,63	4,01	14,19	13,92	16,63
07-02-2014	16,62	20,18	15,04	12,53	15,58	4,43	4,49	14,52	14,96	18,07
14-02-2014	16,81	19,97	15,16	13,12	15,35	3,71	4,33	14,43	15,58	18,37
21-02-2014	16,83	20,58	15,14	13,12	15,75	4,05	3,70	14,65	15,54	18,94
28-02-2014	17,05	20,29	15,03	13,35	15,12	4,44	3,94	14,20	15,75	18,65
07-03-2014	17,01	20,25	15,34	13,40	15,72	4,46	4,37	15,02	15,77	18,65
14-03-2014	17,11	20,28	15,20	13,50	15,99	4,71	4,19	15,04	15,77	18,50
21-03-2014	17,24	20,85	15,16	13,49	16,05	3,92	4,18	15,31	15,97	19,25
28-03-2014	17,23	20,07	15,14	13,63	16,49	4,02	3,95	15,92	16,05	18,56
04-04-2014	17,08	20,28	15,18	13,65	15,95	4,09	4,44	15,05	16,00	18,85
11-04-2014	16,96	20,06	15,07	13,61	14,88	3,95	3,96	13,77	15,98	18,74
18-04-2014	16,73	20,41	14,75	13,48	14,86	3,78	3,81	14,00	15,82	19,13
25-04-2014	16,69	20,50	14,64	13,34	14,56	3,84	3,35	13,63	15,65	19,05
02-05-2014	16,80	20,19	14,49	13,21	14,54	4,09	3,78	13,60	15,63	18,60
09-05-2014	16,81	19,85	14,65	13,00	14,89	3,80	3,87	14,00	15,50	18,13
16-05-2014	16,73	19,97	14,34	12,98	13,29	2,89	3,89	12,30	15,45	18,27
23-05-2014	16,55	20,34	14,16	12,84	14,07	3,44	4,78	13,18	15,36	18,75
30-05-2014	16,53	19,58	13,80	12,69	13,97	3,45	3,74	13,14	15,20	17,82
06-06-2014	16,43	19,96	13,95	12,54	14,26	3,30	3,35	13,23	15,02	18,00
13-06-2014	16,07	19,61	13,52	12,34	13,86	3,60	3,27	12,92	14,69	17,63
20-06-2014	15,67	20,23	13,22	12,25	13,94	3,01	3,98	13,09	14,47	18,35
27-06-2014	15,67	19,64	12,53	12,02	11,95	3,35	3,77	11,23	14,33	17,66
04-07-2014	15,58	19,56	12,36	11,75	12,82	3,45	4,40	11,83	14,09	17,39
11-07-2014	15,41	19,45	12,85	11,53	12,98	2,91	3,07	11,98	13,90	17,22
18-07-2014	15,11	19,48	12,99	11,32	13,09	3,24	3,50	12,01	13,73	17,38
25-07-2014	15,17	19,03	12,94	11,24	12,56	3,64	3,87	11,63	13,74	16,92
01-08-2014	14,96	21,66	12,79	11,09	8,54	3,35	3,41	7,19	13,86	20,32
08-08-2014	15,03	19,25	12,98	11,10	12,65	3,11	4,35	11,44	13,65	17,22
15-08-2014	15,08	19,18	12,95	11,06	11,68	3,25	3,55	10,45	13,50	16,81
22-08-2014	15,09	19,74	12,83	11,01	12,93	3,36	3,88	12,06	13,43	17,30
29-08-2014	15,22	19,14	12,65	11,03	12,34	3,24	3,67	11,36	13,47	16,63
05-09-2014	15,01	19,86	12,92	11,02	12,94	3,55	3,14	11,41	13,38	17,38
12-09-2014	14,90	18,71	12,81	10,94	12,74	3,61	3,83	11,50	13,29	16,30
19-09-2014	14,80	19,43	12,62	10,90	12,88	3,14	3,17	11,68	13,23	16,98
26-09-2014	14,72	18,76	12,51	10,77	10,32	3,83	3,40	9,39	13,14	16,36
03-10-2014	14,74	19,54	12,39	10,72	12,68	3,70	4,46	11,70	12,96	16,79
10-10-2014	14,96	20,58	12,66	10,77	12,69	3,35	3,79	11,62	13,28	18,21
17-10-2014	14,88	19,46	12,63	10,81	13,16	3,48	3,78	12,00	13,30	17,08
24-10-2014	15,05	19,37	12,29	10,69	13,14	4,09	3,65	12,05	13,23	16,81
31-10-2014	14,92	19,46	11,89	10,77	12,72	3,47	4,03	11,44	13,25	17,05
07-11-2014	14,98	18,96	12,73	10,94	13,30	4,06	3,65	12,04	13,33	16,57
14-11-2014	14,81	18,53	12,45	10,90	13,24	3,15	3,47	11,86	13,22	16,17
21-11-2014	14,66	19,32	12,23	10,73	12,75	3,28	3,61	11,61	13,13	17,01
28-11-2014	14,27	17,07	12,09	11,08	12,84	3,49	3,77	11,75	13,07	15,17
05-12-2014	14,63	19,03	12,69	11,07	13,10	3,23	3,90	11,82	13,21	16,69
12-12-2014	14,39	18,52	12,70	10,99	12,61	3,34	3,25	11,28	13,09	16,32
19-12-2014	14,23	18,84	12,51	10,96	12,86	3,29	3,81	11,72	13,00	16,67
26-12-2014	14,30	18,66	12,50	11,03	11,15	3,75	4,02	10,05	13,07	16,51
02-01-2015	14,79	18,45	12,33	10,97	13,05	4,08	5,27	11,80	13,69	16,85
09-01-2015	14,96	18,45	13,05	11,08	13,29	3,68	3,43	11,99	13,89	16,90
16-01-2015	14,88	18,32	13,06	11,05	11,62	3,13	4,23	10,09	13,83	16,80
23-01-2015	14,88	18,58	13,03	11,02	13,15	2,77	3,84	11,98	13,84	17,07
30-01-2015	14,81	18,13	13,06	10,91	12,72	2,83	3,56	11,52	13,77	16,64
06-02-2015	14,91	18,47	13,09	10,85	12,99	2,87	3,48	11,51	13,74	16,81
13-02-2015	15,03	18,29	13,10	10,80	12,95	2,90	3,83	11,50	13,75	16,51
20-02-2015	14,79	18,85	13,10	10,79	13,00	2,64	3,51	11,50	13,61	17,11
27-02-2015	14,83	18,36	12,94	10,75	11,89	3,29	4,24	10,90	13,54	16,49
06-03-2015	14,73	18,34	12,81	10,76	13,05	2,63	3,38	11,65	13,44	16,44
13-03-2015	14,71	18,21	12,60	10,75	13,29	3,22	3,66	11,98	13,22	15,99
20-03-2015	14,61	18,54	12,54	10,81	13,21	2,77	3,48	11,70	13,23	16,41
27-03-2015	14,65	18,12	12,36	10,95	11,78	2,99	3,47	10,77	13,48	16,35
03-04-2015	14,79	18,24	12,56	10,96	13,39	3,02	3,31	12,23	13,57	16,42
10-04-2015	14,78	18,12	12,91	10,96	13,15	3,02	3,50	11,29	13,57	16,34
17-04-2015	14,65	18,16	12,88	10,96	12,94	2,69	3,58	11,83	13,48	16,38
24-04-2015	15,13	18,98	12,82	10,98	13,28	3,19	3,21	12,17	13,75	17,00
01-05-2015	15,24	19,00	12,89	11,18	13,10	3,09	3,07	12,01	13,80	16,91
08-05-2015	15,40	18,61	13,28	11,46	13,99	3,14	3,49	12,72	14,12	16,82
15-05-2015	15,45	18,52	13,35	11,58	12,51	3,20	3,89	11,20	14,21	16,79
22-05-2015	15,56	19,53	13,14	11,63	13,49	2,92	3,29	12,40	14,47	17,98
29-05-2015	15,50	18,66	13,03	11,60	13,39	3,68	3,75	12,39	14,25	16,89
05-06-2015	15,44	18,59	13,23	11,63	13,78	3,15	3,87	12,79	14,16	16,77
12-06-2015	15,53	18,56	13,47	11,71	14,17	2,67	3,94	13,03	14,26	16,74
19-06-2015	16,30	19,82	13,49	11,98	14,49	2,77	3,46	13,40	14,96	18,05
26-06-2015	15,43	19,25	13,58	12,14	11,85	2,71	3,72	10,75	14,48	17,76
03-07-2015	15,59	19,66	13,46	12,18	14,32	3,48	3,91	13,09	14,55	18,04
10-07-2015	15,67	19,25	13,71	12,27	14,14	2,84	4,48	12,96	14,72	17,80
17-07-2015	15,82	19,66	13,71	12,29	14,76	3,54	3,89	13,00	14,95	18,38
24-07-2015	15,64	19,94	13,61	12,33	14,01	3,28	3,31	13,06	14,85	18,70
31-07-2015	15,79	19,63	13,52	12,33	11,21	3,09	4,00	10,09	14,80	18,13
07-08-2015	15,79	19,57	13,90	12,42	14,43	2,82	3,56	13,15	14,80	18,05
14-08-2015	15,85	19,36	14,09	12,42	14,61	2,62	4,03	13,15	14,77	17,71
21-08-2015	16,04	19,69	14,02	12,57	14,64	2,81	4,08	13,67	14,92	18,04
28-08-2015	16,50	20,04	14,55	12,93	14,96	2,80	3,53	14,00	15,36	18,36
04-09-2015	16,60	20,26	14,85	13,30	15,36	2,96	3,91	14,20	15,57	18,76
11-09-2015	16,90	20,24	15,20	13,44	14,57	2,96	4,36	13,36	15,73	18,60
18-09-2015	17,08	20,51	15,16	13,81	15,71	2,58	3,47	14,59	16,12	19,13
25-09-2015	17,05	23,10	15,58	13,74	17,01	2,73	3,80	15,59	16,54	22,49
02-10-2015	17,39	21,64	15,68	14,08	16,34	2,91	4,25	15,22	16,41	20,30
09-10-2015	17,68	21,05	15,98	14,26	16,13	2,88	3,52	14,79	16,76	19,80
16-10-2015	17,81	21,26	15,75	14,35	14,81	2,87	4,35	13,48	16,81	19,94
23-10-2015	17,87	21,28	15,96	14,41	15,73	2,72	4,62	14,79	16,88	19,98
30-10-2015	17,74	21,78	15,72	14,41	16,23	3,50	4,73	15,05	16,84	20,57
06-11-2015	17,71	21,33	16,02	14,29	16,04	3,74	2,87	14,71	16,74	20,04
13-11-2015	17,73	20,92	15,90	14,24	15,88	2,87	4,53	14,58	16,80	19,68
20-11-2015	17,46	21,59	15,44	14,11	15,86	3,21	3,94	14,52	16,56	20,31
27-11-2015	17,14	20,84	15,12	13,86	13,98	4,01	4,00	12,88	16,20	19,43
04-12-2015	17,36	21,14	15,20	13,98	15,85	2,96	4,25	14,56	16,36	19,70
11-12-2015	17,28	20,85	15,45	13,97	15,04	3,21	4,01	13,82	16,36	19,47
18-12-2015	17,31	21,08	15,19	14,00	16,10	2,59	4,31	14,87	16,38	19,70
25-12-2015	17,37	20,84	14,87	14,07	15,78	3,47	4,48	14,67	16,42	19,45
01-01-2016	17,29	21,01	14,74	14,08	16,02	3,51	4,87	14,85	16,31	19,53
08-01-2016	17,66	21,58	16,12	14,24	16,28	3,18	3,87	14,86	16,74	20,26
15-01-2016	17,67	21,25	16,12	14,29	14,31	2,77	4,16	12,96	16,75	19,92
22-01-2016	17,62	21,47	16,16	14,34	15,87	3,39	4,30	14,80	16,73	20,20
29-01-2016	17,81	21,07	15,97	14,41	16,05	3,28	3,94	15,19	16,90	19,80
05-02-2016	17,90	21,46	16,36	14,47	16,33	3,50	3,80	15,06	17,00	20,20
12-02-2016	17,99	21,25	16,44	14,50	16,49	2,94	3,86	15,23	17,08	19,97
19-02-2016	17,87	21,43	16,24	14,38	16,72	2,97	4,96	15,31	16,94	20,12
26-02-2016	18,01	21,23	16,22	14,43	14,40	3,02	4,44	13,41	17,01	19,85
04-03-2016	18,04	21,39	16,35	14,46	16,63	3,01	4,17	15,51	17,01	19,96
11-03-2016	18,10	21,36	16,40	14,45	15,94	2,83	3,60	14,52	17,06	19,93
18-03-2016	17,96	21,39	16,32	14,46	16,86	3,24	3,82	15,26	16,96	20,00
25-03-2016	18,01	21,38	16,26	14,44	16,10	3,81	3,97	14,95	16,98	19,94
01-04-2016	17,92	21,31	15,87	14,44	16,63	3,36	4,52	15,51	16,88	19,85
08-04-2016	17,95	21,35	16,61	14,46	16,42	3,90	3,69	15,09	16,95	19,94
15-04-2016	17,88	21,22	16,19	14,33	15,17	3,61	4,08	13,37	16,85	19,77
22-04-2016	17,86	21,57	15,78	14,27	15,96	2,88	3,86	14,81	16,85	20,18
29-04-2016	17,66	21,03	15,13	14,13	15,68	3,05	5,56	14,59	16,62	19,57
06-05-2016	17,53	21,07	16,04	14,04	15,96	3,34	4,71	14,79	16,52	19,60
13-05-2016	17,56	20,94	15,62	13,95	16,18	3,00	3,65	14,49	16,46	19,37
20-05-2016	17,51	21,67	15,39	13,91	15,90	2,70	3,61	14,51	16,52	20,29
27-05-2016	17,46	20,73	15,12	13,93	13,95	3,29	4,22	12,69	16,43	19,25
03-06-2016	17,42	20,92	14,96	13,93	15,82	3,11	4,57	14,50	16,34	19,38
10-06-2016	17,38	20,91	15,60	13,77	14,96	3,15	3,70	13,59	16,23	19,26
17-06-2016	17,25	20,78	15,43	13,85	15,43	2,53	3,88	14,06	16,32	19,42
24-06-2016	17,27	20,59	15,21	13,79	15,06	3,44	4,11	14,01	16,37	19,30
01-07-2016	17,22	20,43	15,10	13,74	15,31	3,36	4,80	14,19	16,27	19,07
08-07-2016	17,47	24,18	15,40	13,61	16,56	2,44	2,96	14,20	17,10	23,86
15-07-2016	17,28	20,72	15,40	13,64	14,00	2,86	4,70	12,32	16,52	19,67
22-07-2016	17,38	21,38	15,44	13,63	14,94	3,32	4,12	13,79	16,25	19,79
29-07-2016	17,57	21,09	15,20	13,72	15,17	3,22	4,17	14,04	16,42	19,53
05-08-2016	17,59	21,28	15,88	13,79	15,42	3,25	5,24	14,13	16,59	19,90
12-08-2016	17,60	21,12	15,82	13,31	15,50	4,72	4,77	13,76	16,54	19,76
19-08-2016	17,45	21,22	15,13	12,26	15,06	2,98	3,91	13,65	16,03	19,51
26-08-2016	17,44	20,85	14,96	12,07	12,71	3,73	4,25	11,47	15,64	18,67
02-09-2016	17,46	21,04	14,83	12,03	15,50	2,64	4,82	14,04	15,56	18,75
09-09-2016	17,45	20,28	15,41	12,02	15,01	2,44	3,61	13,72	15,43	17,82
16-09-2016	17,73	24,84	15,33	12,27	12,17	2,52	3,46	9,65	17,01	24,52
23-09-2016	17,25	21,08	15,12	12,07	14,87	3,10	4,35	13,49	15,67	19,18
30-09-2016	16,79	19,99	14,35	12,05	14,71	3,23	4,80	13,51	15,28	18,05
07-10-2016	16,73	19,38	15,25	12,15	15,04	3,19	3,92	13,48	15,58	17,92
14-10-2016	16,80	19,32	14,86	12,12	15,02	3,69	4,75	13,40	15,55	17,75
21-10-2016	16,62	19,75	14,56	12,10	14,48	3,23	4,22	13,33	15,42	18,19
28-10-2016	16,73	19,68	14,27	12,09	14,59	2,84	4,82	13,25	15,43	18,02
04-11-2016	16,43	19,43	14,04	12,00	14,74	3,07	4,37	13,28	15,15	17,77
11-11-2016	16,08	19,09	13,90	11,71	13,55	3,15	4,00	12,10	14,85	17,45
18-11-2016	15,87	19,05	13,47	11,58	13,77	3,19	5,38	12,43	14,70	17,47
25-11-2016	15,96	18,90	13,44	11,48	13,93	3,12	4,92	12,81	14,63	17,16
02-12-2016	16,49	19,50	13,92	11,44	14,66	3,10	4,80	13,31	14,92	17,57
09-12-2016	16,37	19,58	14,27	11,42	14,48	2,82	4,81	13,32	14,84	17,66
16-12-2016	15,94	19,24	14,10	11,40	13,55	2,59	4,06	12,22	14,63	17,51
23-12-2016	16,09	19,46	13,77	11,43	14,15	3,08	4,64	13,23	14,65	17,61
30-12-2016	16,11	19,07	13,26	11,43	14,53	3,75	5,00	13,57	14,51	17,03
06-01-2017	16,22	19,26	15,03	11,43	14,01	2,81	4,72	12,92	14,80	17,60
13-01-2017	16,16	18,90	15,17	11,45	14,12	2,73	4,74	13,19	14,83	17,34
20-01-2017	16,42	19,32	15,27	11,47	14,45	2,21	4,55	13,53	15,07	17,80
27-01-2017	16,63	19,11	15,37	11,46	13,25	3,10	4,58	12,29	15,13	17,45
03-02-2017	16,76	19,38	15,45	11,41	15,08	3,70	4,89	14,06	15,13	17,61
10-02-2017	16,75	19,63	15,85	11,41	14,71	3,50	3,55	13,55	15,21	17,96
17-02-2017	16,66	19,37	15,61	11,41	13,97	3,16	4,27	12,95	15,10	17,65
24-02-2017	16,71	19,21	15,56	11,28	15,02	3,28	4,57	14,30	14,97	17,30
03-03-2017	16,52	19,32	15,36	11,00	15,50	2,52	4,48	14,33	14,68	17,29
10-03-2017	16,74	19,29	15,57	11,09	15,00	2,93	4,57	13,83	14,85	17,23
17-03-2017	16,51	19,25	15,39	11,13	15,35	3,43	4,26	14,10	14,71	17,26
24-03-2017	16,66	19,13	15,42	11,11	15,51	3,15	4,08	14,73	14,79	17,08
31-03-2017	16,67	19,09	15,17	10,95	15,24	3,07	4,37	14,42	14,69	16,94
07-04-2017	16,82	19,29	15,82	11,02	15,46	3,76	4,00	14,48	14,79	17,10
14-04-2017	16,90	19,14	15,88	11,32	15,51	3,35	4,54	14,68	14,96	17,02
21-04-2017	16,84	19,54	15,63	11,31	15,70	3,34	4,41	14,82	15,09	17,67
28-04-2017	16,97	19,16	15,39	11,45	15,78	3,51	4,46	14,88	15,33	17,43
05-05-2017	17,06	19,62	15,89	11,40	16,40	2,70	4,16	15,20	15,45	17,94
12-05-2017	17,21	19,47	15,74	11,50	16,16	3,26	4,73	15,19	15,55	17,74
19-05-2017	17,19	19,87	15,47	11,57	15,61	3,65	3,97	14,44	15,60	18,23
26-05-2017	17,48	19,80	15,35	11,71	14,07	3,37	4,64	12,79	15,85	18,15
02-06-2017	17,43	19,71	14,87	11,63	16,60	2,84	4,47	15,53	15,65	17,88
09-06-2017	17,53	19,72	15,91	11,70	16,69	3,04	4,18	15,68	15,91	18,05
16-06-2017	17,48	19,67	15,55	11,77	15,36	3,63	4,78	14,16	15,94	18,10
23-06-2017	17,38	19,54	15,67	11,72	16,59	3,57	4,71	15,73	15,84	17,95
30-06-2017	16,92	20,08	14,83	11,78	16,47	3,04	3,99	15,46	15,82	19,02
07-07-2017	17,53	19,82	15,85	11,75	17,03	3,03	4,15	15,96	16,06	18,36
14-07-2017	17,62	19,71	16,16	12,02	17,15	2,87	4,92	16,06	16,10	18,14
21-07-2017	17,45	19,95	16,01	12,17	16,94	2,74	4,23	15,95	16,05	18,50
28-07-2017	17,57	19,66	15,87	12,12	16,90	2,94	4,89	15,85	16,07	18,11
04-08-2017	17,74	19,91	15,98	12,08	17,08	3,47	3,89	15,88	16,05	18,19
11-08-2017	17,77	19,88	16,43	12,49	15,72	3,54	4,75	14,48	16,33	18,39
18-08-2017	18,00	20,12	16,30	12,70	15,73	3,43	4,41	14,59	16,68	18,80
25-08-2017	18,11	19,97	16,15	12,69	16,14	3,36	5,30	15,17	16,62	18,47
01-09-2017	18,26	20,93	16,27	12,96	17,29	2,61	4,77	16,08	17,74	20,49
08-09-2017	18,05	20,52	16,50	12,67	17,16	2,81	3,60	15,89	16,68	19,22
15-09-2017	18,03	20,18	16,44	12,89	15,00	2,97	4,56	13,75	16,62	18,74
22-09-2017	18,22	20,46	16,41	12,94	16,79	2,59	4,53	15,83	16,74	19,00
29-09-2017	18,26	20,24	16,20	12,88	16,75	3,65	4,17	16,00	16,53	18,49
06-10-2017	18,43	20,62	16,57	13,04	16,98	3,28	4,06	15,84	17,02	19,27
13-10-2017	18,53	20,55	16,13	13,04	16,88	2,54	4,83	15,90	16,98	19,06
20-10-2017	18,53	20,78	15,24	13,09	16,86	2,98	3,80	15,80	17,06	19,40
27-10-2017	18,66	20,57	14,80	13,01	15,12	2,93	4,09	14,01	17,03	19,04
03-11-2017	18,68	20,71	13,92	13,06	17,11	3,08	4,06	15,98	16,96	19,09
10-11-2017	18,88	20,84	15,39	13,11	16,31	3,20	3,93	15,23	17,20	19,28
17-11-2017	18,85	20,90	14,56	13,16	15,64	3,22	4,25	14,55	17,27	19,44
24-11-2017	18,76	20,74	14,07	13,14	16,83	3,73	4,71	15,99	17,19	19,27
01-12-2017	18,97	20,95	13,42	13,25	17,24	3,58	4,20	16,20	17,27	19,41
08-12-2017	19,27	21,23	15,63	13,14	17,29	3,27	4,58	16,33	17,44	19,61
15-12-2017	19,44	21,29	15,20	13,62	15,81	2,95	4,24	14,82	17,94	19,95
22-12-2017	19,58	21,44	15,01	13,83	17,40	3,03	5,10	16,56	18,09	20,15
29-12-2017	19,52	21,21	13,95	13,78	17,65	3,51	5,72	17,06	17,85	19,71
05-01-2018	19,86	21,93	16,06	14,29	18,05	3,40	3,88	17,05	18,55	20,88
12-01-2018	20,15	21,76	17,75	13,89	17,76	2,88	4,47	16,97	18,59	20,45
19-01-2018	19,89	21,73	18,02	14,30	17,79	3,08	4,30	16,98	18,59	20,64
26-01-2018	20,16	21,77	18,07	14,08	15,18	3,41	4,47	14,12	18,69	20,55
02-02-2018	20,14	21,68	17,96	14,55	18,02	3,05	3,84	17,03	18,83	20,62
09-02-2018	20,27	21,82	18,26	14,68	18,10	2,71	6,14	17,39	19,02	20,75
16-02-2018	20,14	21,82	18,05	14,80	16,55	3,28	4,41	15,52	18,93	20,79
23-02-2018	20,16	21,77	17,75	14,70	17,94	3,38	4,30	17,14	18,88	20,70
02-03-2018	19,70	21,57	17,37	14,64	18,13	3,85	5,74	17,15	18,45	20,47
09-03-2018	19,98	21,63	17,90	14,85	17,81	4,18	5,10	16,89	18,69	20,49
16-03-2018	19,94	21,65	17,62	14,87	16,56	3,28	4,88	15,50	18,80	20,65
23-03-2018	19,86	21,43	17,44	14,63	17,67	3,15	5,64	16,79	18,66	20,39
30-03-2018	19,74	21,29	16,63	14,96	17,88	3,39	5,05	17,21	18,56	20,22
06-04-2018	19,96	21,69	18,01	14,97	17,79	3,76	6,31	16,80	18,76	20,65
13-04-2018	19,98	21,54	18,50	14,68	17,53	3,79	5,15	16,73	18,76	20,47
20-04-2018	20,01	21,77	18,32	14,94	17,60	3,11	5,08	16,71	18,91	20,85
27-04-2018	19,96	21,63	17,91	14,92	16,32	3,63	4,98	15,36	18,83	20,67
04-05-2018	20,07	21,84	18,34	14,57	18,19	4,24	5,15	17,18	18,83	20,83
11-05-2018	20,22	21,84	19,08	14,93	17,23	3,81	5,97	16,25	19,17	20,97
18-05-2018	20,21	21,96	18,77	13,16	17,22	4,01	5,41	16,28	18,30	20,45
25-05-2018	20,25	21,76	19,25	13,02	19,54	3,64	5,78	19,04	18,03	19,90
01-06-2018	20,73	22,11	20,55	13,02	21,28	4,01	5,27	20,77	18,02	19,93
08-06-2018	22,79	23,44	21,91	13,08	21,28	3,80	6,58	20,97	18,92	20,73
15-06-2018	24,26	24,19	22,37	13,16	22,74	3,95	5,64	22,62	19,74	21,36
22-06-2018	23,89	24,03	22,55	13,12	23,56	3,66	5,60	23,59	19,58	21,81
29-06-2018	23,87	23,91	21,30	13,14	23,52	3,50	5,36	23,49	19,61	21,05
06-07-2018	24,40	24,40	23,55	13,46	23,94	3,53	4,95	23,76	20,01	21,53
13-07-2018	24,88	24,65	24,06	15,79	23,99	3,71	5,69	23,81	22,43	23,16
20-07-2018	25,13	24,76	24,36	18,78	24,30	4,12	5,69	24,22	24,12	24,24
27-07-2018	25,43	24,94	24,37	19,48	21,75	3,80	5,44	21,18	24,50	24,44
03-08-2018	25,59	25,73	24,61	19,98	25,00	4,46	5,63	24,99	24,82	25,27
10-08-2018	26,73	26,59	25,35	20,02	25,98	3,79	6,18	26,13	25,87	26,08
17-08-2018	29,90	28,10	26,69	20,25	29,26	4,68	6,36	29,99	28,18	27,37
24-08-2018	31,60	27,48	28,15	11,64	28,79	4,28	3,87	32,57	31,11	27,42
31-08-2018	30,29	28,06	26,97	23,20	32,34	4,28	5,93	34,22	29,82	27,95
07-09-2018	33,82	29,93	31,46	22,79	32,57	4,14	6,06	34,64	32,05	29,40
14-09-2018	35,42	30,53	31,93	24,25	34,17	4,57	6,70	36,93	33,70	30,10
21-09-2018	37,86	30,31	33,85	25,70	35,36	4,96	7,59	38,37	35,50	30,01
28-09-2018	38,53	30,86	32,52	28,00	35,93	5,31	6,96	38,31	37,03	30,73
05-10-2018	39,03	31,02	33,73	29,06	34,99	4,74	6,44	37,50	37,79	30,96
12-10-2018	39,36	31,32	32,74	28,59	35,37	5,07	6,33	37,71	38,27	31,24
19-10-2018	38,72	32,28	31,06	29,01	34,32	4,35	6,41	36,09	37,72	32,18
26-10-2018	37,77	33,01	33,60	29,28	28,92	5,51	6,34	28,88	36,96	32,90
02-11-2018	37,29	32,77	32,30	29,05	32,13	4,76	6,10	33,19	36,47	32,66
09-11-2018	37,13	32,76	32,29	28,40	31,88	4,15	6,79	32,69	36,20	32,64
16-11-2018	36,24	32,39	31,11	28,77	26,44	4,15	6,95	25,77	35,35	32,26
23-11-2018	35,13	32,20	30,40	28,55	29,88	4,65	6,01	30,21	34,40	32,07
30-11-2018	34,70	32,02	28,04	28,38	28,75	4,88	6,15	28,66	33,78	31,81
07-12-2018	34,61	32,12	31,45	28,02	29,20	3,56	6,59	29,26	34,13	32,01
14-12-2018	34,17	32,08	29,90	27,84	28,82	4,40	5,83	28,90	33,62	31,94
21-12-2018	33,21	31,53	28,82	28,04	27,80	4,35	9,07	27,61	32,77	31,42
28-12-2018	32,35	31,43	27,80	27,39	27,24	4,30	7,00	27,04	31,74	31,18
04-01-2019	32,35	31,12	28,48	27,70	27,63	5,23	6,98	27,31	31,94	31,01
11-01-2019	32,75	31,53	30,67	26,46	26,02	4,26	6,31	25,33	32,28	31,37
18-01-2019	30,03	30,40	29,76	25,79	26,86	5,02	6,45	26,52	29,78	30,28
25-01-2019	28,12	29,42	29,16	24,93	24,81	3,77	6,31	24,11	27,97	29,30
01-02-2019	26,61	28,57	28,35	24,65	24,68	4,21	5,93	23,83	26,52	28,44
08-02-2019	26,90	28,74	27,27	23,55	24,19	3,75	5,62	23,35	26,69	28,55
15-02-2019	26,65	28,50	26,11	22,26	21,55	4,65	6,32	20,33	26,31	28,22
22-02-2019	25,51	27,85	25,40	21,47	23,32	3,50	5,95	22,46	25,18	27,53
01-03-2019	24,76	27,04	23,79	20,71	23,37	3,84	6,03	22,38	24,44	26,71
08-03-2019	23,06	25,35	24,19	18,55	23,14	3,89	5,63	22,04	22,76	25,00
15-03-2019	23,08	25,50	23,85	17,28	21,31	3,48	5,91	20,15	22,33	24,72
22-03-2019	23,21	25,80	23,26	17,15	23,23	4,80	6,40	22,50	22,25	24,82
29-03-2019	23,45	25,69	22,83	17,10	24,42	4,65	5,72	23,98	22,07	24,29
05-04-2019	24,83	27,33	24,12	17,12	25,43	4,15	5,98	24,72	22,92	25,74
12-04-2019	25,41	27,00	24,72	17,15	24,92	4,30	5,95	24,36	23,88	25,82
19-04-2019	26,29	27,61	25,64	17,22	26,55	3,55	5,57	26,28	24,37	26,32
